i,j,value
0,0,0
0,1,0
0,2,0
0,3,0
0,4,0
0,5,0
0,6,0
0,7,0
0,8,0
0,9,0
0,10,0
0,11,0
0,12,0
0,13,0
0,14,0
0,15,0
0,16,0
0,17,0
0,18,0
0,19,0
0,20,0
0,21,0
0,22,0
0,23,0
0,24,0
0,25,0
0,26,0
0,27,0
0,28,0
0,29,0
0,30,0
0,31,0
0,32,0
0,33,0
0,34,0
0,35,0
0,36,0
0,37,0
0,38,0
0,39,0
0,40,0
0,41,0
0,42,0
0,43,0
0,44,0
0,45,0
0,46,0
0,47,0
0,48,0
0,49,0
0,50,0
0,51,0
0,52,0
0,53,0
0,54,0
0,55,0
0,56,0
0,57,0
0,58,0
0,59,0
0,60,0
0,61,0
0,62,0
0,63,0
0,64,0
0,65,0
0,66,0
0,67,0
0,68,0
0,69,0
0,70,0
0,71,0
0,72,0
0,73,0
0,74,0
0,75,0
0,76,0
0,77,0
0,78,0
0,79,0
0,80,0
0,81,0
0,82,0
0,83,0
0,84,0
0,85,0
0,86,0
0,87,0
0,88,0
0,89,0
0,90,0
0,91,0
0,92,0
0,93,0
0,94,0
0,95,0
0,96,0
0,97,0
0,98,0
0,99,0
1,0,0
1,1,8.59661e-21
1,2,2.22125e-20
1,3,4.8538e-20
1,4,1.01882e-19
1,5,2.10211e-19
1,6,4.28354e-19
1,7,8.62898e-19
1,8,1.71869e-18
1,9,3.38464e-18
1,10,6.59007e-18
1,11,1.26856e-17
1,12,2.41409e-17
1,13,4.5415e-17
1,14,8.44554e-17
1,15,1.55246e-16
1,16,2.82069e-16
1,17,5.06546e-16
1,18,8.99065e-16
1,19,1.57708e-15
1,20,2.73398e-15
1,21,4.68376e-15
1,22,7.92939e-15
1,23,1.32653e-14
1,24,2.19285e-14
1,25,3.58186e-14
1,26,5.78098e-14
1,27,9.21891e-14
1,28,1.45255e-13
1,29,2.26127e-13
1,30,3.47803e-13
1,31,5.28531e-13
1,32,7.93525e-13
1,33,1.17707e-12
1,34,1.72501e-12
1,35,2.49768e-12
1,36,3.57304e-12
1,37,5.05011e-12
1,38,7.05238e-12
1,39,9.73087e-12
1,40,1.32667e-11
1,41,1.78725e-11
1,42,2.37924e-11
1,43,3.13e-11
1,44,4.06939e-11
1,45,5.22903e-11
1,46,6.64131e-11
1,47,8.33801e-11
1,48,1.03488e-10
1,49,1.26992e-10
1,50,1.54091e-10
1,51,1.84901e-10
1,52,2.19443e-10
1,53,2.57624e-10
1,54,2.99225e-10
1,55,3.43894e-10
1,56,3.91145e-10
1,57,4.40366e-10
1,58,4.90825e-10
1,59,5.41696e-10
1,60,5.92077e-10
1,61,6.41019e-10
1,62,6.87558e-10
1,63,7.30743e-10
1,64,7.69667e-10
1,65,8.03499e-10
1,66,8.31503e-10
1,67,8.53066e-10
1,68,8.67713e-10
1,69,8.75118e-10
1,70,8.75118e-10
1,71,8.67713e-10
1,72,8.53066e-10
1,73,8.31503e-10
1,74,8.03499e-10
1,75,7.69667e-10
1,76,7.30743e-10
1,77,6.87558e-10
1,78,6.41018e-10
1,79,5.92074e-10
1,80,5.41691e-10
1,81,4.90817e-10
1,82,4.40352e-10
1,83,3.91123e-10
1,84,3.43858e-10
1,85,2.99167e-10
1,86,2.57532e-10
1,87,2.19298e-10
1,88,1.84675e-10
1,89,1.53743e-10
1,90,1.26464e-10
1,91,1.02694e-10
1,92,8.22031e-11
1,93,6.46881e-11
1,94,4.97926e-11
1,95,3.71209e-11
1,96,2.62499e-11
1,97,1.674e-11
1,98,8.14164e-12
1,99,0
2,0,0
2,1,2.22125e-20
2,2,5.7384e-20
2,3,1.25364e-19
2,4,2.63075e-19
2,5,5.42654e-19
2,6,1.1055e-18
2,7,2.2264e-18
2,8,4.43333e-18
2,9,8.72845e-18
2,10,1.69906e-17
2,11,3.26982e-17
2,12,6.22106e-17
2,13,1.17006e-16
2,14,2.17538e-16
2,15,3.99788e-16
2,16,7.26222e-16
2,17,1.30388e-15
2,18,2.31376e-15
2,19,4.0578e-15
2,20,7.03301e-15
2,21,1.20463e-14
2,22,2.03898e-14
2,23,3.4104e-14
2,24,5.63661e-14
2,25,9.20529e-14
2,26,1.48543e-13
2,27,2.3684e-13
2,28,3.73108e-13
2,29,5.80742e-13
2,30,8.93089e-13
2,31,1.35695e-12
2,32,2.03699e-12
2,33,3.0211e-12
2,34,4.42686e-12
2,35,6.40886e-12
2,36,9.16694e-12
2,37,1.29549e-11
2,38,1.8089e-11
2,39,2.49562e-11
2,40,3.40206e-11
2,41,4.58266e-11
2,42,6.09996e-11
2,43,8.024e-11
2,44,1.04312e-10
2,45,1.34026e-10
2,46,1.7021e-10
2,47,2.13679e-10
2,48,2.65189e-10
2,49,3.25398e-10
2,50,3.94808e-10
2,51,4.73722e-10
2,52,5.62189e-10
2,53,6.59972e-10
2,54,7.66509e-10
2,55,8.80899e-10
2,56,1.0019e-09
2,57,1.12794e-09
2,58,1.25714e-09
2,59,1.3874e-09
2,60,1.51641e-09
2,61,1.64172e-09
2,62,1.76088e-09
2,63,1.87146e-09
2,64,1.97112e-09
2,65,2.05774e-09
2,66,2.12944e-09
2,67,2.18465e-09
2,68,2.22216e-09
2,69,2.24112e-09
2,70,2.24112e-09
2,71,2.22216e-09
2,72,2.18465e-09
2,73,2.12944e-09
2,74,2.05774e-09
2,75,1.97112e-09
2,76,1.87145e-09
2,77,1.76088e-09
2,78,1.64172e-09
2,79,1.5164e-09
2,80,1.38739e-09
2,81,1.25712e-09
2,82,1.1279e-09
2,83,1.00184e-09
2,84,8.80807e-10
2,85,7.66361e-10
2,86,6.59735e-10
2,87,5.61816e-10
2,88,4.73141e-10
2,89,3.93915e-10
2,90,3.24041e-10
2,91,2.63152e-10
2,92,2.10658e-10
2,93,1.65783e-10
2,94,1.27617e-10
2,95,9.51453e-11
2,96,6.72851e-11
2,97,4.29106e-11
2,98,2.08704e-11
2,99,0
3,0,0
3,1,4.8538e-20
3,2,1.25364e-19
3,3,2.73792e-19
3,4,5.74352e-19
3,5,1.18433e-18
3,6,2.41189e-18
3,7,4.85572e-18
3,8,9.66571e-18
3,9,1.90238e-17
3,10,3.70192e-17
3,11,7.12201e-17
3,12,1.35458e-16
3,13,2.54691e-16
3,14,4.73378e-16
3,15,8.69704e-16
3,16,1.57937e-15
3,17,2.83482e-15
3,18,5.029e-15
3,19,8.81725e-15
3,20,1.5278e-14
3,21,2.61614e-14
3,22,4.42698e-14
3,23,7.40267e-14
3,24,1.22318e-13
3,25,1.99712e-13
3,26,3.22194e-13
3,27,5.13592e-13
3,28,8.08908e-13
3,29,1.25879e-12
3,30,1.9354e-12
3,31,2.94002e-12
3,32,4.41252e-12
3,33,6.54303e-12
3,34,9.58578e-12
3,35,1.3875e-11
3,36,1.98427e-11
3,37,2.80372e-11
3,38,3.91423e-11
3,39,5.39937e-11
3,40,7.35938e-11
3,41,9.91186e-11
3,42,1.31918e-10
3,43,1.73505e-10
3,44,2.25529e-10
3,45,2.89739e-10
3,46,3.67922e-10
3,47,4.61834e-10
3,48,5.7311e-10
3,49,7.03166e-10
3,50,8.53085e-10
3,51,1.02352e-09
3,52,1.21457e-09
3,53,1.42573e-09
3,54,1.65578e-09
3,55,1.90278e-09
3,56,2.16403e-09
3,57,2.43616e-09
3,58,2.71512e-09
3,59,2.99634e-09
3,60,3.27484e-09
3,61,3.54538e-09
3,62,3.80263e-09
3,63,4.04134e-09
3,64,4.25649e-09
3,65,4.44349e-09
3,66,4.59827e-09
3,67,4.71746e-09
3,68,4.79842e-09
3,69,4.83935e-09
3,70,4.83935e-09
3,71,4.79842e-09
3,72,4.71746e-09
3,73,4.59827e-09
3,74,4.44349e-09
3,75,4.25649e-09
3,76,4.04133e-09
3,77,3.80263e-09
3,78,3.54537e-09
3,79,3.27483e-09
3,80,2.99631e-09
3,81,2.71507e-09
3,82,2.43608e-09
3,83,2.16391e-09
3,84,1.90258e-09
3,85,1.65546e-09
3,86,1.42522e-09
3,87,1.21376e-09
3,88,1.02226e-09
3,89,8.5115e-10
3,90,7.00226e-10
3,91,5.68698e-10
3,92,4.55291e-10
3,93,3.58336e-10
3,94,2.75864e-10
3,95,2.05687e-10
3,96,1.45468e-10
3,97,9.2776e-11
3,98,4.51249e-11
3,99,0
4,0,0
4,1,1.01882e-19
4,2,2.63075e-19
4,3,5.74352e-19
4,4,1.20441e-18
4,5,2.48258e-18
4,6,5.05387e-18
4,7,1.01709e-17
4,8,2.02386e-17
4,9,3.98185e-17
4,10,7.74568e-17
4,11,1.48964e-16
4,12,2.83227e-16
4,13,5.32347e-16
4,14,9.8911e-16
4,15,1.81662e-15
4,16,3.29789e-15
4,17,5.91753e-15
4,18,1.04945e-14
4,19,1.83942e-14
4,20,3.18627e-14
4,21,5.45445e-14
4,22,9.22724e-14
4,23,1.54252e-13
4,24,2.54809e-13
4,25,4.15923e-13
4,26,6.70829e-13
4,27,1.06906e-12
4,28,1.68335e-12
4,29,2.61893e-12
4,30,4.02569e-12
4,31,6.11393e-12
4,32,9.17406e-12
4,33,1.36007e-11
4,34,1.99214e-11
4,35,2.88296e-11
4,36,4.12214e-11
4,37,5.8234e-11
4,38,8.12849e-11
4,39,1.12107e-10
4,40,1.52778e-10
4,41,2.05734e-10
4,42,2.73773e-10
4,43,3.60028e-10
4,44,4.67916e-10
4,45,6.01058e-10
4,46,7.63154e-10
4,47,9.57841e-10
4,48,1.1885e-09
4,49,1.45806e-09
4,50,1.76877e-09
4,51,2.12195e-09
4,52,2.51785e-09
4,53,2.95537e-09
4,54,3.43201e-09
4,55,3.94373e-09
4,56,4.48497e-09
4,57,5.04871e-09
4,58,5.62658e-09
4,59,6.20912e-09
4,60,6.78602e-09
4,61,7.34641e-09
4,62,7.87926e-09
4,63,8.37369e-09
4,64,8.81934e-09
4,65,9.20666e-09
4,66,9.52727e-09
4,67,9.77414e-09
4,68,9.94182e-09
4,69,1.00266e-08
4,70,1.00266e-08
4,71,9.94182e-09
4,72,9.77414e-09
4,73,9.52727e-09
4,74,9.20666e-09
4,75,8.81933e-09
4,76,8.37369e-09
4,77,7.87925e-09
4,78,7.34639e-09
4,79,6.78598e-09
4,80,6.20907e-09
4,81,5.62649e-09
4,82,5.04855e-09
4,83,4.48472e-09
4,84,3.94332e-09
4,85,3.43134e-09
4,86,2.9543e-09
4,87,2.51617e-09
4,88,2.11934e-09
4,89,1.76474e-09
4,90,1.45195e-09
4,91,1.17933e-09
4,92,9.44241e-10
4,93,7.43233e-10
4,94,5.72228e-10
4,95,4.26695e-10
4,96,3.01794e-10
4,97,1.92488e-10
4,98,9.36267e-11
4,99,0
5,0,0
5,1,2.10211e-19
5,2,5.42654e-19
5,3,1.18433e-18
5,4,2.48258e-18
5,5,5.11522e-18
5,6,1.04092e-17
5,7,2.09405e-17
5,8,4.16529e-17
5,9,8.19201e-17
5,10,1.59296e-16
5,11,3.06248e-16
5,12,5.82065e-16
5,13,1.09366e-15
5,14,2.03134e-15
5,15,3.72955e-15
5,16,6.76838e-15
5,17,1.21408e-14
5,18,2.15244e-14
5,19,3.77151e-14
5,20,6.53107e-14
5,21,1.11769e-13
5,22,1.89024e-13
5,23,3.15902e-13
5,24,5.21693e-13
5,25,8.51321e-13
5,26,1.3727e-12
5,27,2.18703e-12
5,28,3.44285e-12
5,29,5.35499e-12
5,30,8.22947e-12
5,31,1.24954e-11
5,32,1.87454e-11
5,33,2.77843e-11
5,34,4.0688e-11
5,35,5.88704e-11
5,36,8.41579e-11
5,37,1.18869e-10
5,38,1.6589e-10
5,39,2.28754e-10
5,40,3.1169e-10
5,41,4.19661e-10
5,42,5.58364e-10
5,43,7.34176e-10
5,44,9.54053e-10
5,45,1.22536e-09
5,46,1.55563e-09
5,47,1.95226e-09
5,48,2.42212e-09
5,49,2.97118e-09
5,50,3.60397e-09
5,51,4.32324e-09
5,52,5.12941e-09
5,53,6.0203e-09
5,54,6.99077e-09
5,55,8.03261e-09
5,56,9.13451e-09
5,57,1.02821e-08
5,58,1.14585e-08
5,59,1.26444e-08
5,60,1.38187e-08
5,61,1.49594e-08
5,62,1.60441e-08
5,63,1.70505e-08
5,64,1.79576e-08
5,65,1.8746e-08
5,66,1.93985e-08
5,67,1.9901e-08
5,68,2.02423e-08
5,69,2.04149e-08
5,70,2.04149e-08
5,71,2.02423e-08
5,72,1.9901e-08
5,73,1.93985e-08
5,74,1.8746e-08
5,75,1.79576e-08
5,76,1.70505e-08
5,77,1.6044e-08
5,78,1.49594e-08
5,79,1.38186e-08
5,80,1.26443e-08
5,81,1.14583e-08
5,82,1.02818e-08
5,83,9.13399e-09
5,84,8.03176e-09
5,85,6.9894e-09
5,86,6.01811e-09
5,87,5.12597e-09
5,88,4.31788e-09
5,89,3.59575e-09
5,90,2.95868e-09
5,91,2.40338e-09
5,92,1.92447e-09
5,93,1.51494e-09
5,94,1.16649e-09
5,95,8.69895e-10
5,96,6.15307e-10
5,97,3.92474e-10
5,98,1.90907e-10
5,99,0
6,0,0
6,1,4.28354e-19
6,2,1.1055e-18
6,3,2.41189e-18
6,4,5.05387e-18
6,5,1.04092e-17
6,6,2.11741e-17
6,7,4.25805e-17
6,8,8.46654e-17
6,9,1.66453e-16
6,10,3.23556e-16
6,11,6.21815e-16
6,12,1.18143e-15
6,13,2.21904e-15
6,14,4.12021e-15
6,15,7.5622e-15
6,16,1.37193e-14
6,17,2.46012e-14
6,18,4.36016e-14
6,19,7.6375e-14
6,20,1.32217e-13
6,21,2.26203e-13
6,22,3.82442e-13
6,23,6.38964e-13
6,24,1.05492e-12
6,25,1.72099e-12
6,26,2.77426e-12
6,27,4.41887e-12
6,28,6.95449e-12
6,29,1.08143e-11
6,30,1.66153e-11
6,31,2.52225e-11
6,32,3.78298e-11
6,33,5.60589e-11
6,34,8.20768e-11
6,35,1.18731e-10
6,36,1.69698e-10
6,37,2.39644e-10
6,38,3.34381e-10
6,39,4.61013e-10
6,40,6.2805e-10
6,41,8.45477e-10
6,42,1.12475e-09
6,43,1.47868e-09
6,44,1.92126e-09
6,45,2.4673e-09
6,46,3.13192e-09
6,47,3.92999e-09
6,48,4.87532e-09
6,49,5.97987e-09
6,50,7.25277e-09
6,51,8.69948e-09
6,52,1.03209e-08
6,53,1.21125e-08
6,54,1.40641e-08
6,55,1.61591e-08
6,56,1.83748e-08
6,57,2.06823e-08
6,58,2.30475e-08
6,59,2.54318e-08
6,60,2.77927e-08
6,61,3.00861e-08
6,62,3.22667e-08
6,63,3.429e-08
6,64,3.61136e-08
6,65,3.76985e-08
6,66,3.90105e-08
6,67,4.00206e-08
6,68,4.07068e-08
6,69,4.10537e-08
6,70,4.10537e-08
6,71,4.07068e-08
6,72,4.00206e-08
6,73,3.90105e-08
6,74,3.76985e-08
6,75,3.61136e-08
6,76,3.429e-08
6,77,3.22666e-08
6,78,3.0086e-08
6,79,2.77926e-08
6,80,2.54315e-08
6,81,2.30472e-08
6,82,2.06817e-08
6,83,1.83737e-08
6,84,1.61574e-08
6,85,1.40613e-08
6,86,1.21081e-08
6,87,1.03139e-08
6,88,8.68867e-09
6,89,7.23616e-09
6,90,5.95464e-09
6,91,4.83749e-09
6,92,3.87393e-09
6,93,3.04984e-09
6,94,2.34857e-09
6,95,1.75157e-09
6,96,1.23904e-09
6,97,7.90365e-10
6,98,3.84464e-10
6,99,0
7,0,0
7,1,8.62898e-19
7,2,2.2264e-18
7,3,4.85572e-18
7,4,1.01709e-17
7,5,2.09405e-17
7,6,4.25805e-17
7,7,8.55958e-17
7,8,1.70132e-16
7,9,3.3436e-16
7,10,6.49705e-16
7,11,1.24817e-15
7,12,2.37066e-15
7,13,4.45122e-15
7,14,8.26203e-15
7,15,1.5159e-14
7,16,2.74926e-14
7,17,4.92835e-14
7,18,8.73193e-14
7,19,1.52907e-13
7,20,2.64626e-13
7,21,4.526e-13
7,22,7.64991e-13
7,23,1.27775e-12
7,24,2.10895e-12
7,25,3.43962e-12
7,26,5.54325e-12
7,27,8.8271e-12
7,28,1.38888e-11
7,29,2.1592e-11
7,30,3.31665e-11
7,31,5.03362e-11
7,32,7.54796e-11
7,33,1.11827e-10
7,34,1.63694e-10
7,35,2.36748e-10
7,36,3.38311e-10
7,37,4.77667e-10
7,38,6.66381e-10
7,39,9.18585e-10
7,40,1.25121e-09
7,41,1.6841e-09
7,42,2.24004e-09
7,43,2.94451e-09
7,44,3.82531e-09
7,45,4.91185e-09
7,46,6.23422e-09
7,47,7.82191e-09
7,48,9.70238e-09
7,49,1.18993e-08
7,50,1.44309e-08
7,51,1.7308e-08
7,52,2.05322e-08
7,53,2.40947e-08
7,54,2.7975e-08
7,55,3.21402e-08
7,56,3.65451e-08
7,57,4.11325e-08
7,58,4.58344e-08
7,59,5.05739e-08
7,60,5.52671e-08
7,61,5.98258e-08
7,62,6.41603e-08
7,63,6.8182e-08
7,64,7.18068e-08
7,65,7.49573e-08
7,66,7.7565e-08
7,67,7.95728e-08
7,68,8.09367e-08
7,69,8.16262e-08
7,70,8.16262e-08
7,71,8.09367e-08
7,72,7.95728e-08
7,73,7.7565e-08
7,74,7.49573e-08
7,75,7.18068e-08
7,76,6.8182e-08
7,77,6.41602e-08
7,78,5.98257e-08
7,79,5.52669e-08
7,80,5.05735e-08
7,81,4.58337e-08
7,82,4.11312e-08
7,83,3.6543e-08
7,84,3.21368e-08
7,85,2.79695e-08
7,86,2.40859e-08
7,87,2.05183e-08
7,88,1.72864e-08
7,89,1.43978e-08
7,90,1.1849e-08
7,91,9.6269e-09
7,92,7.71008e-09
7,93,6.07052e-09
7,94,4.6751e-09
7,95,3.487e-09
7,96,2.46684e-09
7,97,1.57366e-09
7,98,7.65515e-10
7,99,0
8,0,0
8,1,1.71869e-18
8,2,4.43333e-18
8,3,9.66571e-18
8,4,2.02386e-17
8,5,4.16529e-17
8,6,8.46654e-17
8,7,1.70132e-16
8,8,3.38036e-16
8,9,6.64101e-16
8,10,1.28998e-15
8,11,2.47736e-15
8,12,4.70365e-15
8,13,8.82873e-15
8,14,1.63818e-14
8,15,3.00473e-14
8,16,5.44766e-14
8,17,9.76244e-14
8,18,1.72915e-13
8,19,3.02703e-13
8,20,5.23715e-13
8,21,8.95469e-13
8,22,1.5131e-12
8,23,2.5266e-12
8,24,4.16908e-12
8,25,6.79781e-12
8,26,1.09524e-11
8,27,1.74363e-11
8,28,2.7428e-11
8,29,4.26303e-11
8,30,6.54674e-11
8,31,9.9336e-11
8,32,1.48923e-10
8,33,2.2059e-10
8,34,3.22836e-10
8,35,4.66822e-10
8,36,6.66956e-10
8,37,9.41513e-10
8,38,1.31325e-09
8,39,1.80996e-09
8,40,2.46496e-09
8,41,3.31727e-09
8,42,4.41167e-09
8,43,5.79828e-09
8,44,7.53174e-09
8,45,9.66983e-09
8,46,1.22717e-08
8,47,1.53952e-08
8,48,1.90944e-08
8,49,2.34157e-08
8,50,2.83948e-08
8,51,3.40528e-08
8,52,4.03932e-08
8,53,4.73983e-08
8,54,5.50279e-08
8,55,6.32172e-08
8,56,7.18774e-08
8,57,8.08959e-08
8,58,9.01394e-08
8,59,9.94565e-08
8,60,1.08682e-07
8,61,1.17644e-07
8,62,1.26164e-07
8,63,1.34069e-07
8,64,1.41195e-07
8,65,1.47387e-07
8,66,1.52513e-07
8,67,1.5646e-07
8,68,1.59141e-07
8,69,1.60496e-07
8,70,1.60496e-07
8,71,1.59141e-07
8,72,1.5646e-07
8,73,1.52513e-07
8,74,1.47387e-07
8,75,1.41194e-07
8,76,1.34069e-07
8,77,1.26164e-07
8,78,1.17643e-07
8,79,1.08682e-07
8,80,9.94556e-08
8,81,9.01379e-08
8,82,8.08934e-08
8,83,7.18732e-08
8,84,6.32104e-08
8,85,5.50169e-08
8,86,4.73809e-08
8,87,4.03657e-08
8,88,3.40102e-08
8,89,2.83293e-08
8,90,2.33163e-08
8,91,1.89454e-08
8,92,1.51746e-08
8,93,1.19488e-08
8,94,9.20301e-09
8,95,6.86478e-09
8,96,4.85677e-09
8,97,3.09842e-09
8,98,1.5073e-09
8,99,0
9,0,0
9,1,3.38464e-18
9,2,8.72845e-18
9,3,1.90238e-17
9,4,3.98185e-17
9,5,8.19201e-17
9,6,1.66453e-16
9,7,3.3436e-16
9,8,6.64101e-16
9,9,1.30422e-15
9,10,2.53249e-15
9,11,4.86189e-15
9,12,9.22791e-15
9,13,1.7315e-14
9,14,3.21176e-14
9,15,5.88908e-14
9,16,1.06737e-13
9,17,1.91218e-13
9,18,3.38588e-13
9,19,5.92551e-13
9,20,1.02489e-12
9,21,1.75189e-12
9,22,2.9594e-12
9,23,4.9403e-12
9,24,8.14968e-12
9,25,1.32848e-11
9,26,2.13986e-11
9,27,3.40582e-11
9,28,5.35618e-11
9,29,8.32297e-11
9,30,1.27787e-10
9,31,1.93852e-10
9,32,2.90557e-10
9,33,4.30294e-10
9,34,6.29612e-10
9,35,9.10243e-10
9,36,1.30023e-09
9,37,1.83515e-09
9,38,2.55928e-09
9,39,3.52669e-09
9,40,4.80216e-09
9,41,6.46163e-09
9,42,8.59213e-09
9,43,1.12911e-08
9,44,1.46648e-08
9,45,1.88254e-08
9,46,2.38879e-08
9,47,2.99648e-08
9,48,3.71609e-08
9,49,4.55664e-08
9,50,5.52507e-08
9,51,6.62546e-08
9,52,7.85845e-08
9,53,9.22063e-08
9,54,1.07042e-07
9,55,1.22964e-07
9,56,1.39802e-07
9,57,1.57335e-07
9,58,1.75306e-07
9,59,1.93419e-07
9,60,2.11354e-07
9,61,2.28774e-07
9,62,2.45337e-07
9,63,2.60704e-07
9,64,2.74555e-07
9,65,2.86593e-07
9,66,2.96557e-07
9,67,3.04229e-07
9,68,3.0944e-07
9,69,3.12075e-07
9,70,3.12075e-07
9,71,3.0944e-07
9,72,3.04229e-07
9,73,2.96557e-07
9,74,2.86593e-07
9,75,2.74555e-07
9,76,2.60704e-07
9,77,2.45336e-07
9,78,2.28773e-07
9,79,2.11353e-07
9,80,1.93417e-07
9,81,1.75303e-07
9,82,1.57331e-07
9,83,1.39794e-07
9,84,1.22951e-07
9,85,1.0702e-07
9,86,9.21723e-08
9,87,7.85309e-08
9,88,6.61714e-08
9,89,5.51229e-08
9,90,4.53726e-08
9,91,3.68703e-08
9,92,2.95345e-08
9,93,2.32583e-08
9,94,1.79152e-08
9,95,1.33645e-08
9,96,9.45596e-09
9,97,6.03286e-09
9,98,2.93493e-09
9,99,0
10,0,0
10,1,6.59007e-18
10,2,1.69906e-17
10,3,3.70192e-17
10,4,7.74568e-17
10,5,1.59296e-16
10,6,3.23556e-16
10,7,6.49705e-16
10,8,1.28998e-15
10,9,2.53249e-15
10,10,4.91581e-15
10,11,9.43421e-15
10,12,1.79003e-14
10,13,3.35765e-14
10,14,6.22611e-14
10,15,1.14126e-13
10,16,2.06783e-13
10,17,3.70336e-13
10,18,6.55554e-13
10,19,1.14693e-12
10,20,1.98318e-12
10,21,3.38898e-12
10,22,5.7233e-12
10,23,9.55163e-12
10,24,1.57525e-11
10,25,2.56716e-11
10,26,4.13404e-11
10,27,6.57816e-11
10,28,1.03427e-10
10,29,1.60678e-10
10,30,2.46641e-10
10,31,3.74072e-10
10,32,5.60561e-10
10,33,8.29981e-10
10,34,1.2142e-09
10,35,1.75505e-09
10,36,2.50654e-09
10,37,3.5371e-09
10,38,4.93194e-09
10,39,6.79511e-09
10,40,9.25118e-09
10,41,1.24462e-08
10,42,1.65475e-08
10,43,2.17425e-08
10,44,2.82352e-08
10,45,3.62416e-08
10,46,4.59822e-08
10,47,5.76735e-08
10,48,7.15164e-08
10,49,8.76846e-08
10,50,1.06311e-07
10,51,1.27473e-07
10,52,1.51184e-07
10,53,1.77378e-07
10,54,2.05904e-07
10,55,2.36519e-07
10,56,2.68891e-07
10,57,3.02601e-07
10,58,3.37149e-07
10,59,3.71969e-07
10,60,4.06448e-07
10,61,4.39936e-07
10,62,4.71775e-07
10,63,5.01316e-07
10,64,5.27941e-07
10,65,5.51081e-07
10,66,5.70235e-07
10,67,5.84982e-07
10,68,5.94999e-07
10,69,6.00064e-07
10,70,6.00064e-07
10,71,5.94999e-07
10,72,5.84982e-07
10,73,5.70235e-07
10,74,5.51081e-07
10,75,5.27941e-07
10,76,5.01316e-07
10,77,4.71774e-07
10,78,4.39935e-07
10,79,4.06446e-07
10,80,3.71966e-07
10,81,3.37143e-07
10,82,3.02591e-07
10,83,2.68876e-07
10,84,2.36493e-07
10,85,2.05862e-07
10,86,1.77313e-07
10,87,1.51081e-07
10,88,1.27313e-07
10,89,1.06064e-07
10,90,8.73105e-08
10,91,7.09559e-08
10,92,5.68435e-08
10,93,4.4768e-08
10,94,3.44865e-08
10,95,2.57287e-08
10,96,1.82054e-08
10,97,1.16156e-08
10,98,5.65108e-09
10,99,0
11,0,0
11,1,1.26856e-17
11,2,3.26982e-17
11,3,7.12201e-17
11,4,1.48964e-16
11,5,3.06248e-16
11,6,6.21815e-16
11,7,1.24817e-15
11,8,2.47736e-15
11,9,4.86189e-15
11,10,9.43421e-15
11,11,1.80997e-14
11,12,3.43307e-14
11,13,6.43752e-14
11,14,1.19333e-13
11,15,2.18672e-13
11,16,3.96088e-13
11,17,7.09156e-13
11,18,1.25495e-12
11,19,2.19496e-12
11,20,3.79428e-12
11,21,6.48212e-12
11,22,1.0944e-11
11,23,1.82596e-11
11,24,3.01059e-11
11,25,4.90506e-11
11,26,7.89693e-11
11,27,1.25627e-10
11,28,1.97475e-10
11,29,3.06714e-10
11,30,4.70702e-10
11,31,7.13744e-10
11,32,1.06935e-09
11,33,1.58298e-09
11,34,2.31533e-09
11,35,3.34604e-09
11,36,4.77789e-09
11,37,6.74113e-09
11,38,9.39787e-09
11,39,1.29461e-08
11,40,1.76227e-08
11,41,2.37053e-08
11,42,3.15124e-08
11,43,4.13998e-08
11,44,5.37557e-08
11,45,6.89903e-08
11,46,8.75228e-08
11,47,1.09764e-07
11,48,1.36096e-07
11,49,1.66849e-07
11,50,2.02273e-07
11,51,2.42519e-07
11,52,2.87608e-07
11,53,3.37415e-07
11,54,3.91652e-07
11,55,4.4986e-07
11,56,5.11405e-07
11,57,5.75491e-07
11,58,6.41168e-07
11,59,7.07362e-07
11,60,7.72903e-07
11,61,8.36561e-07
11,62,8.97084e-07
11,63,9.53238e-07
11,64,1.00385e-06
11,65,1.04783e-06
11,66,1.08424e-06
11,67,1.11227e-06
11,68,1.13131e-06
11,69,1.14094e-06
11,70,1.14094e-06
11,71,1.13131e-06
11,72,1.11227e-06
11,73,1.08424e-06
11,74,1.04783e-06
11,75,1.00385e-06
11,76,9.53238e-07
11,77,8.97083e-07
11,78,8.36559e-07
11,79,7.729e-07
11,80,7.07355e-07
11,81,6.41157e-07
11,82,5.75472e-07
11,83,5.11375e-07
11,84,4.49811e-07
11,85,3.91573e-07
11,86,3.37289e-07
11,87,2.8741e-07
11,88,2.42212e-07
11,89,2.01802e-07
11,90,1.66135e-07
11,91,1.35027e-07
11,92,1.08181e-07
11,93,8.52074e-08
11,94,6.56442e-08
11,95,4.89778e-08
11,96,3.46587e-08
11,97,2.21145e-08
11,98,1.07593e-08
11,99,0
12,0,0
12,1,2.41409e-17
12,2,6.22106e-17
12,3,1.35458e-16
12,4,2.83227e-16
12,5,5.82065e-16
12,6,1.18143e-15
12,7,2.37066e-15
12,8,4.70365e-15
12,9,9.22791e-15
12,10,1.79003e-14
12,11,3.43307e-14
12,12,6.50958e-14
12,13,1.22026e-13
12,14,2.2613e-13
12,15,4.14244e-13
12,16,7.50109e-13
12,17,1.3426e-12
12,18,2.37522e-12
12,19,4.15319e-12
12,20,7.17732e-12
12,21,1.22583e-11
12,22,2.06906e-11
12,23,3.45125e-11
12,24,5.68886e-11
12,25,9.26636e-11
12,26,1.49148e-10
12,27,2.37213e-10
12,28,3.72792e-10
12,29,5.78884e-10
12,30,8.88195e-10
12,31,1.34652e-09
12,32,2.01698e-09
12,33,2.98518e-09
12,34,4.3654e-09
12,35,6.30756e-09
12,36,9.00508e-09
12,37,1.27031e-08
12,38,1.77065e-08
12,39,2.43878e-08
12,40,3.31925e-08
12,41,4.46427e-08
12,42,5.93369e-08
12,43,7.79444e-08
12,44,1.01194e-07
12,45,1.29858e-07
12,46,1.64722e-07
12,47,2.0656e-07
12,48,2.56087e-07
12,49,3.13924e-07
12,50,3.80542e-07
12,51,4.5622e-07
12,52,5.41e-07
12,53,6.34646e-07
12,54,7.36615e-07
12,55,8.46044e-07
12,56,9.61743e-07
12,57,1.08221e-06
12,58,1.20567e-06
12,59,1.33009e-06
12,60,1.45329e-06
12,61,1.57294e-06
12,62,1.6867e-06
12,63,1.79225e-06
12,64,1.88737e-06
12,65,1.97004e-06
12,66,2.03847e-06
12,67,2.09116e-06
12,68,2.12695e-06
12,69,2.14504e-06
12,70,2.14504e-06
12,71,2.12695e-06
12,72,2.09116e-06
12,73,2.03847e-06
12,74,1.97004e-06
12,75,1.88737e-06
12,76,1.79225e-06
12,77,1.6867e-06
12,78,1.57294e-06
12,79,1.45328e-06
12,80,1.33008e-06
12,81,1.20565e-06
12,82,1.08218e-06
12,83,9.61686e-07
12,84,8.45951e-07
12,85,7.36466e-07
12,86,6.34408e-07
12,87,5.40627e-07
12,88,4.55641e-07
12,89,3.79653e-07
12,90,3.12577e-07
12,91,2.5407e-07
12,92,2.03574e-07
12,93,1.60357e-07
12,94,1.2355e-07
12,95,9.21893e-08
12,96,6.52414e-08
12,97,4.16304e-08
12,98,2.02549e-08
12,99,0
13,0,0
13,1,4.5415e-17
13,2,1.17006e-16
13,3,2.54691e-16
13,4,5.32347e-16
13,5,1.09366e-15
13,6,2.21904e-15
13,7,4.45122e-15
13,8,8.82873e-15
13,9,1.7315e-14
13,10,3.35765e-14
13,11,6.43752e-14
13,12,1.22026e-13
13,13,2.28673e-13
13,14,4.23631e-13
13,15,7.75807e-13
13,16,1.40441e-12
13,17,2.51298e-12
13,18,4.4445e-12
13,19,7.76924e-12
13,20,1.34227e-11
13,21,2.29188e-11
13,22,3.86741e-11
13,23,6.44927e-11
13,24,1.0628e-10
13,25,1.73072e-10
13,26,2.78504e-10
13,27,4.42845e-10
13,28,6.95794e-10
13,29,1.08021e-09
13,30,1.65704e-09
13,31,2.51158e-09
13,32,3.76138e-09
13,33,5.56585e-09
13,34,8.13771e-09
13,35,1.1756e-08
13,36,1.67807e-08
13,37,2.36678e-08
13,38,3.29846e-08
13,39,4.54236e-08
13,40,6.18135e-08
13,41,8.3125e-08
13,42,1.10471e-07
13,43,1.45094e-07
13,44,1.88351e-07
13,45,2.41673e-07
13,46,3.06524e-07
13,47,3.84337e-07
13,48,4.76444e-07
13,49,5.83994e-07
13,50,7.07864e-07
13,51,8.4857e-07
13,52,1.00619e-06
13,53,1.18028e-06
13,54,1.36983e-06
13,55,1.57324e-06
13,56,1.78829e-06
13,57,2.01221e-06
13,58,2.24167e-06
13,59,2.47292e-06
13,60,2.70188e-06
13,61,2.92426e-06
13,62,3.13567e-06
13,63,3.33183e-06
13,64,3.50861e-06
13,65,3.66225e-06
13,66,3.78942e-06
13,67,3.88733e-06
13,68,3.95384e-06
13,69,3.98746e-06
13,70,3.98746e-06
13,71,3.95384e-06
13,72,3.88733e-06
13,73,3.78942e-06
13,74,3.66225e-06
13,75,3.50861e-06
13,76,3.33182e-06
13,77,3.13567e-06
13,78,2.92425e-06
13,79,2.70187e-06
13,80,2.4729e-06
13,81,2.24163e-06
13,82,2.01214e-06
13,83,1.78819e-06
13,84,1.57307e-06
13,85,1.36955e-06
13,86,1.17983e-06
13,87,1.00549e-06
13,88,8.4749e-07
13,89,7.06207e-07
13,90,5.81483e-07
13,91,4.72683e-07
13,92,3.78771e-07
13,93,2.98386e-07
13,94,2.29917e-07
13,95,1.7157e-07
13,96,1.21426e-07
13,97,7.7486e-08
13,98,3.77014e-08
13,99,0
14,0,0
14,1,8.44554e-17
14,2,2.17538e-16
14,3,4.73378e-16
14,4,9.8911e-16
14,5,2.03134e-15
14,6,4.12021e-15
14,7,8.26203e-15
14,8,1.63818e-14
14,9,3.21176e-14
14,10,6.22611e-14
14,11,1.19333e-13
14,12,2.2613e-13
14,13,4.23631e-13
14,14,7.84568e-13
14,15,1.43637e-12
14,16,2.59944e-12
14,17,4.64998e-12
14,18,8.22173e-12
14,19,1.43681e-11
14,20,2.48167e-11
14,21,4.23624e-11
14,22,7.14655e-11
14,23,1.19145e-10
14,24,1.96295e-10
14,25,3.19582e-10
14,26,5.14142e-10
14,27,8.17342e-10
14,28,1.28391e-09
14,29,1.99283e-09
14,30,3.05634e-09
14,31,4.63154e-09
14,32,6.93489e-09
14,33,1.02598e-08
14,34,1.49979e-08
14,35,2.16626e-08
14,36,3.0916e-08
14,37,4.35972e-08
14,38,6.07494e-08
14,39,8.36462e-08
14,40,1.13811e-07
14,41,1.53028e-07
14,42,2.03342e-07
14,43,2.67039e-07
14,44,3.46608e-07
14,45,4.44682e-07
14,46,5.63947e-07
14,47,7.07036e-07
14,48,8.76395e-07
14,49,1.07413e-06
14,50,1.30185e-06
14,51,1.56051e-06
14,52,1.85023e-06
14,53,2.17022e-06
14,54,2.5186e-06
14,55,2.89244e-06
14,56,3.28766e-06
14,57,3.69914e-06
14,58,4.12081e-06
14,59,4.54576e-06
14,60,4.96649e-06
14,61,5.37511e-06
14,62,5.76359e-06
14,63,6.12401e-06
14,64,6.44884e-06
14,65,6.73114e-06
14,66,6.96481e-06
14,67,7.14472e-06
14,68,7.26693e-06
14,69,7.32871e-06
14,70,7.32871e-06
14,71,7.26693e-06
14,72,7.14472e-06
14,73,6.96481e-06
14,74,6.73114e-06
14,75,6.44884e-06
14,76,6.12401e-06
14,77,5.76358e-06
14,78,5.3751e-06
14,79,4.96647e-06
14,80,4.54572e-06
14,81,4.12074e-06
14,82,3.69902e-06
14,83,3.28746e-06
14,84,2.89212e-06
14,85,2.51809e-06
14,86,2.1694e-06
14,87,1.84895e-06
14,88,1.55852e-06
14,89,1.2988e-06
14,90,1.0695e-06
14,91,8.6946e-07
14,92,6.96776e-07
14,93,5.48949e-07
14,94,4.23019e-07
14,95,3.15692e-07
14,96,2.23442e-07
14,97,1.42592e-07
14,98,6.93817e-08
14,99,0
15,0,0
15,1,1.55246e-16
15,2,3.99788e-16
15,3,8.69704e-16
15,4,1.81662e-15
15,5,3.72955e-15
15,6,7.5622e-15
15,7,1.5159e-14
15,8,3.00473e-14
15,9,5.88908e-14
15,10,1.14125e-13
15,11,2.18672e-13
15,12,4.14244e-13
15,13,7.75807e-13
15,14,1.43637e-12
15,15,2.62892e-12
15,16,4.75626e-12
15,17,8.50578e-12
15,18,1.50351e-11
15,19,2.62679e-11
15,20,4.5358e-11
15,21,7.74066e-11
15,22,1.30552e-10
15,23,2.17599e-10
15,24,3.58412e-10
15,25,5.83381e-10
15,26,9.38324e-10
15,27,1.49134e-09
15,28,2.34213e-09
15,29,3.63457e-09
15,30,5.57307e-09
15,31,8.44367e-09
15,32,1.26404e-08
15,33,1.86973e-08
15,34,2.73268e-08
15,35,3.94631e-08
15,36,5.63108e-08
15,37,7.93953e-08
15,38,1.10614e-07
15,39,1.52282e-07
15,40,2.07168e-07
15,41,2.78515e-07
15,42,3.70039e-07
15,43,4.85893e-07
15,44,6.30598e-07
15,45,8.08935e-07
15,46,1.02578e-06
15,47,1.28593e-06
15,48,1.5938e-06
15,49,1.95322e-06
15,50,2.36712e-06
15,51,2.83722e-06
15,52,3.36374e-06
15,53,3.94521e-06
15,54,4.57827e-06
15,55,5.25754e-06
15,56,5.97564e-06
15,57,6.72326e-06
15,58,7.48935e-06
15,59,8.26139e-06
15,60,9.02575e-06
15,61,9.7681e-06
15,62,1.04738e-05
15,63,1.11286e-05
15,64,1.17187e-05
15,65,1.22316e-05
15,66,1.2656e-05
15,67,1.29829e-05
15,68,1.32049e-05
15,69,1.33171e-05
15,70,1.33171e-05
15,71,1.32049e-05
15,72,1.29829e-05
15,73,1.2656e-05
15,74,1.22316e-05
15,75,1.17187e-05
15,76,1.11286e-05
15,77,1.04738e-05
15,78,9.76807e-06
15,79,9.02571e-06
15,80,8.26132e-06
15,81,7.48922e-06
15,82,6.72304e-06
15,83,5.97528e-06
15,84,5.25695e-06
15,85,4.57733e-06
15,86,3.94372e-06
15,87,3.36139e-06
15,88,2.83358e-06
15,89,2.36155e-06
15,90,1.94478e-06
15,91,1.58116e-06
15,92,1.26723e-06
15,93,9.98458e-07
15,94,7.69472e-07
15,95,5.74287e-07
15,96,4.06497e-07
15,97,2.59425e-07
15,98,1.26233e-07
15,99,0
16,0,0
16,1,2.82069e-16
16,2,7.26222e-16
16,3,1.57937e-15
16,4,3.29789e-15
16,5,6.76838e-15
16,6,1.37193e-14
16,7,2.74926e-14
16,8,5.44766e-14
16,9,1.06737e-13
16,10,2.06783e-13
16,11,3.96088e-13
16,12,7.50109e-13
16,13,1.40441e-12
16,14,2.59944e-12
16,15,4.75626e-12
16,16,8.60264e-12
16,17,1.53801e-11
16,18,2.7179e-11
16,19,4.7472e-11
16,20,8.19508e-11
16,21,1.39819e-10
16,22,2.35756e-10
16,23,3.92853e-10
16,24,6.46923e-10
16,25,1.05274e-09
16,26,1.69287e-09
16,27,2.68998e-09
16,28,4.22369e-09
16,29,6.55303e-09
16,30,1.0046e-08
16,31,1.52176e-08
16,32,2.27767e-08
16,33,3.36844e-08
16,34,4.92221e-08
16,35,7.10702e-08
16,36,1.01395e-07
16,37,1.42938e-07
16,38,1.99111e-07
16,39,2.74074e-07
16,40,3.72804e-07
16,41,5.01128e-07
16,42,6.65719e-07
16,43,8.74037e-07
16,44,1.1342e-06
16,45,1.4548e-06
16,46,1.84459e-06
16,47,2.31216e-06
16,48,2.86546e-06
16,49,3.51136e-06
16,50,4.2551e-06
16,51,5.09974e-06
16,52,6.04571e-06
16,53,7.09036e-06
16,54,8.22762e-06
16,55,9.44783e-06
16,56,1.07378e-05
16,57,1.20807e-05
16,58,1.34567e-05
16,59,1.48434e-05
16,60,1.62163e-05
16,61,1.75495e-05
16,62,1.88171e-05
16,63,1.99931e-05
16,64,2.10529e-05
16,65,2.19739e-05
16,66,2.27363e-05
16,67,2.33233e-05
16,68,2.3722e-05
16,69,2.39236e-05
16,70,2.39236e-05
16,71,2.3722e-05
16,72,2.33233e-05
16,73,2.27363e-05
16,74,2.19739e-05
16,75,2.10529e-05
16,76,1.9993e-05
16,77,1.88171e-05
16,78,1.75495e-05
16,79,1.62162e-05
16,80,1.48432e-05
16,81,1.34565e-05
16,82,1.20803e-05
16,83,1.07371e-05
16,84,9.44678e-06
16,85,8.22592e-06
16,86,7.08767e-06
16,87,6.04149e-06
16,88,5.09319e-06
16,89,4.24505e-06
16,90,3.49614e-06
16,91,2.84268e-06
16,92,2.27847e-06
16,93,1.79537e-06
16,94,1.38373e-06
16,95,1.03281e-06
16,96,7.31099e-07
16,97,4.66607e-07
16,98,2.27053e-07
16,99,0
17,0,0
17,1,5.06546e-16
17,2,1.30388e-15
17,3,2.83482e-15
17,4,5.91753e-15
17,5,1.21408e-14
17,6,2.46012e-14
17,7,4.92835e-14
17,8,9.76244e-14
17,9,1.91218e-13
17,10,3.70336e-13
17,11,7.09156e-13
17,12,1.3426e-12
17,13,2.51298e-12
17,14,4.64998e-12
17,15,8.50578e-12
17,16,1.53801e-11
17,17,2.74898e-11
17,18,4.85656e-11
17,19,8.48045e-11
17,20,1.4636e-10
17,21,2.49648e-10
17,22,4.20841e-10
17,23,7.01101e-10
17,24,1.15426e-09
17,25,1.87789e-09
17,26,3.01909e-09
17,27,4.79632e-09
17,28,7.52936e-09
17,29,1.16794e-08
17,30,1.79013e-08
17,31,2.71113e-08
17,32,4.05708e-08
17,33,5.99892e-08
17,34,8.76451e-08
17,35,1.26526e-07
17,36,1.80483e-07
17,37,2.5439e-07
17,38,3.54309e-07
17,39,4.87631e-07
17,40,6.63198e-07
17,41,8.91359e-07
17,42,1.18397e-06
17,43,1.55427e-06
17,44,2.01668e-06
17,45,2.58644e-06
17,46,3.27909e-06
17,47,4.10987e-06
17,48,5.09291e-06
17,49,6.24037e-06
17,50,7.56153e-06
17,51,9.06184e-06
17,52,1.0742e-05
17,53,1.25974e-05
17,54,1.46171e-05
17,55,1.6784e-05
17,56,1.90747e-05
17,57,2.14593e-05
17,58,2.39028e-05
17,59,2.6365e-05
17,60,2.88027e-05
17,61,3.11701e-05
17,62,3.34207e-05
17,63,3.55086e-05
17,64,3.73904e-05
17,65,3.90257e-05
17,66,4.03793e-05
17,67,4.14215e-05
17,68,4.21294e-05
17,69,4.24873e-05
17,70,4.24873e-05
17,71,4.21294e-05
17,72,4.14215e-05
17,73,4.03793e-05
17,74,3.90257e-05
17,75,3.73904e-05
17,76,3.55086e-05
17,77,3.34206e-05
17,78,3.117e-05
17,79,2.88026e-05
17,80,2.63648e-05
17,81,2.39023e-05
17,82,2.14586e-05
17,83,1.90735e-05
17,84,1.67822e-05
17,85,1.46141e-05
17,86,1.25926e-05
17,87,1.07345e-05
17,88,9.05015e-06
17,89,7.54362e-06
17,90,6.21325e-06
17,91,5.05233e-06
17,92,4.04988e-06
17,93,3.19145e-06
17,94,2.45991e-06
17,95,1.83619e-06
17,96,1.29988e-06
17,97,8.29657e-07
17,98,4.03727e-07
17,99,0
18,0,0
18,1,8.99065e-16
18,2,2.31376e-15
18,3,5.029e-15
18,4,1.04945e-14
18,5,2.15244e-14
18,6,4.36016e-14
18,7,8.73193e-14
18,8,1.72915e-13
18,9,3.38588e-13
18,10,6.55554e-13
18,11,1.25495e-12
18,12,2.37522e-12
18,13,4.4445e-12
18,14,8.22173e-12
18,15,1.50351e-11
18,16,2.7179e-11
18,17,4.85656e-11
18,18,8.57776e-11
18,19,1.49745e-10
18,20,2.58374e-10
18,21,4.40602e-10
18,22,7.42561e-10
18,23,1.23678e-09
18,24,2.0357e-09
18,25,3.31119e-09
18,26,5.32224e-09
18,27,8.45345e-09
18,28,1.32676e-08
18,29,2.05763e-08
18,30,3.15317e-08
18,31,4.77453e-08
18,32,7.14353e-08
18,33,1.05607e-07
18,34,1.54267e-07
18,35,2.22666e-07
18,36,3.1757e-07
18,37,4.47545e-07
18,38,6.23236e-07
18,39,8.5763e-07
18,40,1.16625e-06
18,41,1.56727e-06
18,42,2.0815e-06
18,43,2.73219e-06
18,44,3.54464e-06
18,45,4.5456e-06
18,46,5.76234e-06
18,47,7.22158e-06
18,48,8.9481e-06
18,49,1.09632e-05
18,50,1.32833e-05
18,51,1.59177e-05
18,52,1.88678e-05
18,53,2.21253e-05
18,54,2.56711e-05
18,55,2.94753e-05
18,56,3.34965e-05
18,57,3.76826e-05
18,58,4.19717e-05
18,59,4.62938e-05
18,60,5.05726e-05
18,61,5.4728e-05
18,62,5.86783e-05
18,63,6.23432e-05
18,64,6.5646e-05
18,65,6.85164e-05
18,66,7.08922e-05
18,67,7.27214e-05
18,68,7.39639e-05
18,69,7.45921e-05
18,70,7.45921e-05
18,71,7.39639e-05
18,72,7.27214e-05
18,73,7.08922e-05
18,74,6.85164e-05
18,75,6.5646e-05
18,76,6.23431e-05
18,77,5.86782e-05
18,78,5.47278e-05
18,79,5.05724e-05
18,80,4.62934e-05
18,81,4.1971e-05
18,82,3.76814e-05
18,83,3.34945e-05
18,84,2.9472e-05
18,85,2.56658e-05
18,86,2.21168e-05
18,87,1.88545e-05
18,88,1.58971e-05
18,89,1.32517e-05
18,90,1.09155e-05
18,91,8.87667e-06
18,92,7.11597e-06
18,93,5.60808e-06
18,94,4.32294e-06
18,95,3.22707e-06
18,96,2.28464e-06
18,97,1.45826e-06
18,98,7.09641e-07
18,99,0
19,0,0
19,1,1.57708e-15
19,2,4.0578e-15
19,3,8.81725e-15
19,4,1.83942e-14
19,5,3.77151e-14
19,6,7.6375e-14
19,7,1.52907e-13
19,8,3.02703e-13
19,9,5.92551e-13
19,10,1.14693e-12
19,11,2.19496e-12
19,12,4.15319e-12
19,13,7.76924e-12
19,14,1.43681e-11
19,15,2.62679e-11
19,16,4.7472e-11
19,17,8.48045e-11
19,18,1.49745e-10
19,19,2.61349e-10
19,20,4.50827e-10
19,21,7.68606e-10
19,22,1.29505e-09
19,23,2.15649e-09
19,24,3.54871e-09
19,25,5.77093e-09
19,26,9.27391e-09
19,27,1.47269e-08
19,28,2.31091e-08
19,29,3.58318e-08
19,30,5.48992e-08
19,31,8.31128e-08
19,32,1.24329e-07
19,33,1.83771e-07
19,34,2.684e-07
19,35,3.87339e-07
19,36,5.52342e-07
19,37,7.78285e-07
19,38,1.08366e-06
19,39,1.491e-06
19,40,2.02727e-06
19,41,2.724e-06
19,42,3.61731e-06
19,43,4.74755e-06
19,44,6.15862e-06
19,45,7.89689e-06
19,46,1.00097e-05
19,47,1.25434e-05
19,48,1.55408e-05
19,49,1.90391e-05
19,50,2.30664e-05
19,51,2.76391e-05
19,52,3.27595e-05
19,53,3.8413e-05
19,54,4.45667e-05
19,55,5.11685e-05
19,56,5.81466e-05
19,57,6.54105e-05
19,58,7.28531e-05
19,59,8.03527e-05
19,60,8.77771e-05
19,61,9.49871e-05
19,62,0.000101841
19,63,0.0001082
19,64,0.000113931
19,65,0.000118911
19,66,0.000123033
19,67,0.000126207
19,68,0.000128363
19,69,0.000129453
19,70,0.000129453
19,71,0.000128363
19,72,0.000126207
19,73,0.000123033
19,74,0.000118911
19,75,0.000113931
19,76,0.0001082
19,77,0.000101841
19,78,9.49868e-05
19,79,8.77766e-05
19,80,8.03519e-05
19,81,7.28518e-05
19,82,6.54084e-05
19,83,5.8143e-05
19,84,5.11627e-05
19,85,4.45575e-05
19,86,3.83982e-05
19,87,3.27363e-05
19,88,2.76033e-05
19,89,2.30115e-05
19,90,1.8956e-05
19,91,1.54165e-05
19,92,1.23596e-05
19,93,9.7413e-06
19,94,7.50955e-06
19,95,5.60628e-06
19,96,3.96926e-06
19,97,2.53366e-06
19,98,1.233e-06
19,99,0
20,0,0
20,1,2.73398e-15
20,2,7.03301e-15
20,3,1.5278e-14
20,4,3.18627e-14
20,5,6.53107e-14
20,6,1.32217e-13
20,7,2.64626e-13
20,8,5.23715e-13
20,9,1.02489e-12
20,10,1.98318e-12
20,11,3.79428e-12
20,12,7.17732e-12
20,13,1.34227e-11
20,14,2.48167e-11
20,15,4.5358e-11
20,16,8.19508e-11
20,17,1.4636e-10
20,18,2.58374e-10
20,19,4.50827e-10
20,20,7.77489e-10
20,21,1.32521e-09
20,22,2.23238e-09
20,23,3.71646e-09
20,24,6.11445e-09
20,25,9.9412e-09
20,26,1.59722e-08
20,27,2.53585e-08
20,28,3.9784e-08
20,29,6.16752e-08
20,30,9.44769e-08
20,31,1.43004e-07
20,32,2.13882e-07
20,33,3.16085e-07
20,34,4.6157e-07
20,35,6.66005e-07
20,36,9.49569e-07
20,37,1.3378e-06
20,38,1.86244e-06
20,39,2.56217e-06
20,40,3.48325e-06
20,41,4.67979e-06
20,42,6.21373e-06
20,43,8.15429e-06
20,44,1.05768e-05
20,45,1.35607e-05
20,46,1.71871e-05
20,47,2.15356e-05
20,48,2.66796e-05
20,49,3.26827e-05
20,50,3.95929e-05
20,51,4.74386e-05
20,52,5.62234e-05
20,53,6.59224e-05
20,54,7.6479e-05
20,55,8.78038e-05
20,56,9.97736e-05
20,57,0.000112233
20,58,0.000124999
20,59,0.000137862
20,60,0.000150596
20,61,0.000162963
20,62,0.000174718
20,63,0.000185624
20,64,0.000195453
20,65,0.000203994
20,66,0.000211064
20,67,0.000216507
20,68,0.000220204
20,69,0.000222074
20,70,0.000222074
20,71,0.000220204
20,72,0.000216507
20,73,0.000211064
20,74,0.000203994
20,75,0.000195453
20,76,0.000185624
20,77,0.000174718
20,78,0.000162962
20,79,0.000150596
20,80,0.000137861
20,81,0.000124997
20,82,0.00011223
20,83,9.97675e-05
20,84,8.77938e-05
20,85,7.64631e-05
20,86,6.5897e-05
20,87,5.61836e-05
20,88,4.7377e-05
20,89,3.94984e-05
20,90,3.25397e-05
20,91,2.64658e-05
20,92,2.12195e-05
20,93,1.67256e-05
20,94,1.28947e-05
20,95,9.6272e-06
20,96,6.81649e-06
20,97,4.35129e-06
20,98,2.11761e-06
20,99,0
21,0,0
21,1,4.68376e-15
21,2,1.20463e-14
21,3,2.61614e-14
21,4,5.45445e-14
21,5,1.11769e-13
21,6,2.26203e-13
21,7,4.526e-13
21,8,8.95469e-13
21,9,1.75189e-12
21,10,3.38898e-12
21,11,6.48212e-12
21,12,1.22583e-11
21,13,2.29188e-11
21,14,4.23624e-11
21,15,7.74066e-11
21,16,1.39819e-10
21,17,2.49648e-10
21,18,4.40602e-10
21,19,7.68606e-10
21,20,1.32521e-09
21,21,2.25827e-09
21,22,3.80329e-09
21,23,6.33031e-09
21,24,1.04126e-08
21,25,1.69258e-08
21,26,2.71885e-08
21,27,4.31576e-08
21,28,6.7695e-08
21,29,1.04924e-07
21,30,1.60698e-07
21,31,2.43195e-07
21,32,3.63669e-07
21,33,5.37357e-07
21,34,7.84559e-07
21,35,1.13187e-06
21,36,1.61354e-06
21,37,2.27291e-06
21,38,3.16382e-06
21,39,4.3519e-06
21,40,5.91559e-06
21,41,7.94669e-06
21,42,1.05502e-05
21,43,1.38435e-05
21,44,1.79542e-05
21,45,2.30171e-05
21,46,2.91697e-05
21,47,3.65466e-05
21,48,4.52724e-05
21,49,5.54545e-05
21,50,6.71746e-05
21,51,8.04804e-05
21,52,9.5378e-05
21,53,0.000111825
21,54,0.000129725
21,55,0.000148928
21,56,0.000169223
21,57,0.000190348
21,58,0.000211992
21,59,0.0002338
21,60,0.000255389
21,61,0.000276353
21,62,0.000296283
21,63,0.000314772
21,64,0.000331434
21,65,0.000345914
21,66,0.000357899
21,67,0.000367127
21,68,0.000373394
21,69,0.000376563
21,70,0.000376563
21,71,0.000373394
21,72,0.000367127
21,73,0.000357899
21,74,0.000345914
21,75,0.000331434
21,76,0.000314771
21,77,0.000296282
21,78,0.000276353
21,79,0.000255387
21,80,0.000233798
21,81,0.000211988
21,82,0.000190342
21,83,0.000169212
21,84,0.000148911
21,85,0.000129698
21,86,0.000111782
21,87,9.53103e-05
21,88,8.03755e-05
21,89,6.70139e-05
21,90,5.52113e-05
21,91,4.49087e-05
21,92,3.60092e-05
21,93,2.83852e-05
21,94,2.18853e-05
21,95,1.63407e-05
21,96,1.15706e-05
21,97,7.38641e-06
21,98,3.59479e-06
21,99,0
22,0,0
22,1,7.92939e-15
22,2,2.03898e-14
22,3,4.42698e-14
22,4,9.22724e-14
22,5,1.89024e-13
22,6,3.82442e-13
22,7,7.64991e-13
22,8,1.5131e-12
22,9,2.9594e-12
22,10,5.7233e-12
22,11,1.0944e-11
22,12,2.06906e-11
22,13,3.86741e-11
22,14,7.14655e-11
22,15,1.30552e-10
22,16,2.35756e-10
22,17,4.20841e-10
22,18,7.42561e-10
22,19,1.29505e-09
22,20,2.23238e-09
22,21,3.80329e-09
22,22,6.40395e-09
22,23,1.06566e-08
22,24,1.75251e-08
22,25,2.84814e-08
22,26,4.57415e-08
22,27,7.25933e-08
22,28,1.13845e-07
22,29,1.76422e-07
22,30,2.70152e-07
22,31,4.08767e-07
22,32,6.11157e-07
22,33,9.02897e-07
22,34,1.31805e-06
22,35,1.90123e-06
22,36,2.70991e-06
22,37,3.81675e-06
22,38,5.31207e-06
22,39,7.3059e-06
22,40,9.92975e-06
22,41,1.33375e-05
22,42,1.77051e-05
22,43,2.32293e-05
22,44,3.01239e-05
22,45,3.86147e-05
22,46,4.89321e-05
22,47,6.13013e-05
22,48,7.59312e-05
22,49,9.30016e-05
22,50,0.000112649
22,51,0.000134953
22,52,0.000159925
22,53,0.000187491
22,54,0.000217493
22,55,0.000249675
22,56,0.000283688
22,57,0.000319091
22,58,0.000355361
22,59,0.000391906
22,60,0.000428083
22,61,0.000463214
22,62,0.000496609
22,63,0.00052759
22,64,0.00055551
22,65,0.000579774
22,66,0.000599856
22,67,0.000615319
22,68,0.000625821
22,69,0.000631131
22,70,0.000631131
22,71,0.000625821
22,72,0.000615319
22,73,0.000599856
22,74,0.000579774
22,75,0.00055551
22,76,0.00052759
22,77,0.000496608
22,78,0.000463212
22,79,0.000428081
22,80,0.000391902
22,81,0.000355354
22,82,0.00031908
22,83,0.00028367
22,84,0.000249647
22,85,0.000217448
22,86,0.000187419
22,87,0.000159811
22,88,0.000134777
22,89,0.000112379
22,90,9.25929e-05
22,91,7.53201e-05
22,92,6.03984e-05
22,93,4.7614e-05
22,94,3.67135e-05
22,95,2.7414e-05
22,96,1.94126e-05
22,97,1.23931e-05
22,98,6.03158e-06
22,99,0
23,0,0
23,1,1.32653e-14
23,2,3.4104e-14
23,3,7.40267e-14
23,4,1.54252e-13
23,5,3.15902e-13
23,6,6.38964e-13
23,7,1.27775e-12
23,8,2.5266e-12
23,9,4.9403e-12
23,10,9.55164e-12
23,11,1.82596e-11
23,12,3.45125e-11
23,13,6.44927e-11
23,14,1.19145e-10
23,15,2.17599e-10
23,16,3.92853e-10
23,17,7.01101e-10
23,18,1.23678e-09
23,19,2.15649e-09
23,20,3.71646e-09
23,21,6.33031e-09
23,22,1.06566e-08
23,23,1.77296e-08
23,24,2.91508e-08
23,25,4.73656e-08
23,26,7.60547e-08
23,27,1.20678e-07
23,28,1.89219e-07
23,29,2.93173e-07
23,30,4.48852e-07
23,31,6.79042e-07
23,32,1.01508e-06
23,33,1.4994e-06
23,34,2.18848e-06
23,35,3.15632e-06
23,36,4.49817e-06
23,37,6.33454e-06
23,38,8.81508e-06
23,39,1.21222e-05
23,40,1.64737e-05
23,41,2.21246e-05
23,42,2.93664e-05
23,43,3.8525e-05
23,44,4.99543e-05
23,45,6.40284e-05
23,46,8.11285e-05
23,47,0.000101628
23,48,0.000125872
23,49,0.000154158
23,50,0.000186712
23,51,0.000223666
23,52,0.000265037
23,53,0.000310705
23,54,0.000360405
23,55,0.000413714
23,56,0.000470054
23,57,0.000528695
23,58,0.00058877
23,59,0.000649301
23,60,0.00070922
23,61,0.000767405
23,62,0.000822716
23,63,0.000874027
23,64,0.000920268
23,65,0.000960453
23,66,0.000993714
23,67,0.00101932
23,68,0.00103672
23,69,0.00104551
23,70,0.00104551
23,71,0.00103672
23,72,0.00101932
23,73,0.000993714
23,74,0.000960453
23,75,0.000920268
23,76,0.000874026
23,77,0.000822714
23,78,0.000767403
23,79,0.000709216
23,80,0.000649295
23,81,0.00058876
23,82,0.000528677
23,83,0.000470025
